1676477185480870,1,7,279584,0,default,0,8,1,0,15,1,0,1,0,0,1,0,16,28,116
1676477185481148,2,7,281360,0,default,0,26,1,0,11,2,0,0,0,0,1,0,16,28,116
1676477185481148,2,7,281360,0,default,0,26,1,0,1,3,0,0,0,0,1,0,16,28,116
1676477185481166,3,7,281360,0,default,0,27,1,0,5,4,0,0,0,0,1,0,16,28,116
1676477185481201,4,9,4096,0,default,0,8,1,0,15,1,128,0,1,32,1,0,16,28,14931
1676477185481221,5,7,281328,0,default,0,23,1,0,6,5,0,0,0,0,1,0,16,28,116
1676477185481227,6,9,4096,0,default,0,27,1,0,5,4,128,0,1,32,1,0,16,28,116
1676477185481255,7,7,281344,0,default,0,25,1,0,4,6,0,0,0,0,1,0,16,28,116
1676477185481270,8,7,281392,0,default,0,9,1,0,8,7,0,0,0,0,1,0,16,28,116
1676477185481282,9,7,281344,0,default,0,28,1,0,16,8,0,0,0,0,1,0,16,28,116
1676477185481299,10,7,281360,0,default,0,12,1,0,7,9,0,0,0,0,1,0,16,28,116
1676477185481311,5,7,281328,0,default,0,23,1,0,18,10,0,1,0,0,1,0,16,28,116
1676477185481323,11,7,281360,0,default,0,24,1,0,12,11,0,0,0,0,1,0,16,28,116
1676477185481329,8,7,281392,0,default,0,9,1,0,14,12,0,0,0,0,1,0,16,28,116
1676477185481346,12,7,281312,0,default,0,14,1,0,13,13,0,0,0,0,1,0,16,28,116
1676477185481361,3,7,281360,0,default,0,27,1,0,10,14,0,0,0,0,1,0,16,28,116
1676477185481376,13,9,4096,0,default,0,23,1,0,18,10,128,0,1,32,1,0,16,28,14909
1676477185481388,14,9,4096,0,default,0,26,1,0,11,2,128,0,1,32,1,0,16,28,116
1676477185481401,15,9,4096,0,default,0,12,1,0,7,9,128,0,1,32,1,0,16,28,116
1676477185481402,16,9,4096,0,default,0,23,1,0,6,5,128,0,1,32,1,0,16,28,14939
1676477185481417,17,9,4096,0,default,0,9,1,0,14,12,128,0,1,32,1,0,16,28,116
1676477185481402,18,9,4096,0,default,0,25,1,0,4,6,128,0,1,32,1,0,16,28,1910538
1676477185481436,19,9,4096,0,default,0,26,1,0,1,3,128,0,1,32,1,0,16,28,116
1676477185481440,20,9,4096,0,default,0,14,1,0,13,13,128,0,1,32,1,0,16,28,1913720
1676477185481469,11,7,281360,0,default,0,24,1,0,23,15,0,1,0,0,1,0,16,28,116
1676477185481560,21,9,4096,0,default,0,9,1,0,8,7,128,0,1,32,1,0,16,28,31254525911
1676477185481576,22,9,4096,0,default,0,24,1,0,12,11,128,0,1,32,1,0,16,28,116
1676477185481587,23,9,4096,0,default,0,28,1,0,16,8,128,0,1,32,1,0,16,28,14891
1676477185481656,24,9,4096,0,default,0,24,1,0,23,15,128,0,1,32,1,0,16,28,245010115
1676477185481724,25,7,281328,0,default,0,19,1,0,3,16,0,0,0,0,1,0,16,28,116
1676477185481728,26,9,4096,0,default,0,27,1,0,10,14,128,0,1,32,1,0,16,28,31205594399
1676477185481775,25,7,281328,0,default,0,19,1,0,31,17,0,1,0,0,1,0,16,28,116
1676477185481778,1,7,279584,0,default,0,8,1,0,20,18,0,0,0,0,1,0,16,28,116
1676477185481778,27,9,4096,0,default,0,19,1,0,3,16,128,0,1,32,1,0,16,28,14861
1676477185481799,25,7,281328,0,default,0,19,1,0,21,19,0,0,0,0,1,0,16,28,116
1676477185481802,8,7,281392,0,default,0,9,1,0,22,20,0,0,0,0,1,0,16,28,116
1676477185481810,10,7,281360,0,default,0,12,1,0,19,21,0,0,0,0,1,0,16,28,116
1676477185481840,28,7,281360,0,default,0,10,1,0,2,22,0,0,0,0,1,0,16,28,116
1676477185481849,29,9,4096,0,default,0,19,1,0,31,17,128,0,1,32,1,0,16,28,116
1676477185481853,30,9,4096,0,default,0,8,1,0,20,18,128,0,1,32,1,0,16,28,14864
1676477185481840,31,7,281392,0,default,0,15,1,0,25,23,0,0,0,0,1,0,16,28,116
1676477185481868,32,9,4096,0,default,0,19,1,0,21,19,128,0,1,32,1,0,16,28,116
1676477185481889,33,9,4096,0,default,0,12,1,0,19,21,128,0,1,32,1,0,16,28,1908740
1676477185481897,34,9,4096,0,default,0,9,1,0,22,20,128,0,1,32,1,0,16,28,116
1676477185481904,35,7,281344,0,default,0,13,1,0,29,24,0,0,0,0,1,0,16,28,116
1676477185481914,36,9,4096,0,default,0,15,1,0,25,23,128,0,1,32,1,0,16,28,116
1676477185481947,37,9,4096,0,default,0,10,1,0,2,22,128,0,1,32,1,0,16,28,116
1676477185481963,38,7,281344,0,default,0,29,1,0,30,25,0,0,0,0,1,0,16,28,116
1676477185481983,31,7,281392,0,default,0,15,1,0,28,26,0,0,0,0,1,0,16,28,116
1676477185481989,39,7,281344,0,default,0,11,1,0,39,27,0,1,0,0,1,0,16,28,116
1676477185481984,40,9,4096,0,default,0,13,1,0,29,24,128,0,1,32,1,0,16,28,116
1676477185481853,39,7,281344,0,default,0,11,1,0,26,28,0,0,0,0,1,0,16,28,116
1676477185482027,41,9,4096,0,default,0,29,1,0,30,25,128,0,1,32,1,0,16,28,14858
1676477185482037,42,9,4096,0,default,0,15,1,0,28,26,128,0,1,32,1,0,16,28,14936
1676477185482050,43,9,4096,0,default,0,11,1,0,39,27,128,0,1,32,1,0,16,28,116
1676477185482053,39,7,281344,0,default,0,11,1,0,17,29,0,0,0,0,1,0,16,28,116
1676477185482064,44,9,4096,0,default,0,11,1,0,26,28,128,0,1,32,1,0,16,28,116
1676477185482075,45,7,281360,0,default,0,21,1,0,27,30,0,0,0,0,1,0,16,28,116
1676477185481841,10,7,281360,0,default,0,12,1,0,9,31,0,0,0,0,1,0,16,28,116
1676477185482129,46,9,4096,0,default,0,11,1,0,17,29,128,0,1,32,1,0,16,28,14928
1676477185482133,3,7,281360,0,default,0,27,1,0,34,32,0,0,0,0,1,0,16,28,116
1676477185482148,47,9,4096,0,default,0,21,1,0,27,30,128,0,1,32,1,0,16,28,14882
1676477185482157,1,7,279584,0,default,0,8,1,0,35,33,0,0,0,0,1,0,16,28,116
1676477185482161,45,7,281360,0,default,0,21,1,0,38,34,0,0,0,0,1,0,16,28,116
1676477185482171,3,7,281360,0,default,0,27,1,0,33,35,0,0,0,0,1,0,16,28,116
1676477185482182,11,7,281360,0,default,0,24,1,0,32,36,0,0,0,0,1,0,16,28,116
1676477185482185,48,9,4096,0,default,0,12,1,0,9,31,128,0,1,32,1,0,16,28,1903825
1676477185482191,49,7,281328,0,default,0,18,1,0,37,37,0,0,0,0,1,0,16,28,116
1676477185482202,12,7,281312,0,default,0,14,1,0,36,38,0,0,0,0,1,0,16,28,116
1676477185482192,50,9,4096,0,default,0,27,1,0,34,32,128,0,1,32,1,0,16,28,116
1676477185482219,51,9,4096,0,default,0,8,1,0,35,33,128,0,1,32,1,0,16,28,243619969
1676477185482215,52,9,4096,0,default,0,21,1,0,38,34,128,0,1,32,1,0,16,28,31403651055
1676477185482236,53,9,4096,0,default,0,27,1,0,33,35,128,0,1,32,1,0,16,28,31393667999
1676477185482251,54,9,4096,0,default,0,18,1,0,37,37,128,0,1,32,1,0,16,28,116
1676477185482262,11,7,281360,0,default,0,24,1,0,49,39,0,1,0,0,1,0,16,28,116
1676477185482263,55,9,4096,0,default,0,24,1,0,32,36,128,0,1,32,1,0,16,28,14889
1676477185482279,11,7,281360,0,default,0,24,1,0,50,40,0,1,0,0,1,0,16,28,116
1676477185482265,56,9,4096,0,default,0,14,1,0,36,38,128,0,1,32,1,0,16,28,116
1676477185482318,57,9,4096,0,default,0,24,1,0,49,39,128,0,1,32,1,0,16,28,244459614
1676477185482319,1,7,279584,0,default,0,8,1,0,40,41,0,0,0,0,1,0,16,28,116
1676477185482322,58,9,4096,0,default,0,24,1,0,50,40,128,0,1,32,1,0,16,28,116
1676477185482337,28,7,281360,0,default,0,10,1,0,43,42,0,0,0,0,1,0,16,28,116
1676477185482342,1,7,279584,0,default,0,8,1,0,42,43,0,0,0,0,1,0,16,28,116
1676477185482341,49,7,281328,0,default,0,18,1,0,41,44,0,0,0,0,1,0,16,28,116
1676477185482384,59,9,4096,0,default,0,8,1,0,40,41,128,0,1,32,1,0,16,28,14905
1676477185482404,60,9,4096,0,default,0,8,1,0,42,43,128,0,1,32,1,0,16,28,14967
1676477185482423,61,7,50560,0,default,0,30,1,0,55,45,0,0,0,0,1,0,16,28,14916
1676477185482423,62,7,281344,0,default,0,22,1,0,44,46,0,0,0,0,1,0,16,28,116
1676477185482426,63,9,4096,0,default,0,18,1,0,41,44,128,0,1,32,1,0,16,28,14945
1676477185482458,64,7,281360,0,default,0,20,1,0,45,47,0,0,0,0,1,0,16,28,116
1676477185482465,31,7,281392,0,default,0,15,1,0,46,48,0,0,0,0,1,0,16,28,116
1676477185482473,25,7,281328,0,default,0,19,1,0,48,49,0,0,0,0,1,0,16,28,116
1676477185482426,65,9,4096,0,default,0,10,1,0,43,42,128,0,1,32,1,0,16,28,243884028
1676477185482462,7,7,281344,0,default,0,25,1,0,47,50,0,0,0,0,1,0,16,28,116
1676477185482494,66,9,4096,0,default,0,30,1,0,55,45,128,0,1,32,1,0,16,28,1914575
1676477185482514,67,9,4096,0,default,0,22,1,0,44,46,128,0,1,32,1,0,16,28,116
1676477185482524,68,9,4096,0,default,0,15,1,0,46,48,128,0,1,32,1,0,16,28,1904442
1676477185482531,69,9,4096,0,default,0,20,1,0,45,47,128,0,1,32,1,0,16,28,116
1676477185482539,70,9,4096,0,default,0,25,1,0,47,50,128,0,1,32,1,0,16,28,31152161887
1676477185482533,71,9,4096,0,default,0,19,1,0,48,49,128,0,1,32,1,0,16,28,116
