46440 0.019759465524
93410 0.039744437438
140206 0.059655375179
187051 0.079587161623
234080 0.099597237079
280794 0.119473285152
327031 0.139146377474
373222 0.158799897544
418190 0.177933050982
461930 0.196543710372
505057 0.214893548220
548006 0.233167649960
590963 0.251445155570
633484 0.269537150263
676014 0.287632974310
717961 0.305480741329
760347 0.323515295715
801944 0.341214143420
843619 0.358946178858
885073 0.376584182386
925490 0.393780959262
966555 0.411253449610
1007445 0.428651480301
1048113 0.445955053598
1088316 0.463060776950
1128247 0.480050768721
1167703 0.496838655710
1207453 0.513751634921
1247179 0.530654402523
1286645 0.547446544349
1326096 0.564232303918
1363945 0.580336438514
1402408 0.596701820134
1440275 0.612813613438
1476421 0.628193149201
1512654 0.643609702051
1548703 0.658947965890
1584283 0.674086677848
1620185 0.689362395576
1656038 0.704617264599
1691784 0.719826606861
1727412 0.734985742039
1762837 0.750058504016
1798162 0.765088717617
1833339 0.780055959623
1868013 0.794809183301
1902978 0.809686222751
1937698 0.824459018681
1972465 0.839251812348
2007117 0.853995675383
2041455 0.868605936520
2075596 0.883132377356
2109767 0.897671582706
2143541 0.912041871005
2177119 0.926328764489
2210188 0.940399086742
2243734 0.954672364745
2276836 0.968756727962
2310249 0.982973416626
2343369 0.997065438550
