46552 0 0 0 0 0 0 0 0 46552
47320 0 0 0 0 0 0 0 0 47320
47305 0 0 0 0 0 0 0 0 47305
47617 0 0 0 0 0 0 0 0 47617
48003 0 0 0 0 0 0 0 0 48003
47968 0 0 0 0 0 0 0 0 47968
47665 0 0 0 0 0 0 0 0 47665
47859 0 0 0 0 0 0 0 0 47859
46795 0 0 0 0 0 0 0 0 46795
45769 0 0 0 0 0 0 0 0 45769
45314 0 0 0 0 0 0 0 0 45314
45347 0 0 0 0 0 0 0 0 45347
45554 0 0 0 0 0 0 0 0 45554
45304 0 0 0 0 0 0 0 0 45304
45594 0 0 0 0 0 0 0 0 45594
45113 0 0 0 0 0 0 0 0 45113
45631 0 0 0 0 0 0 0 0 45631
45070 0 0 0 0 0 0 0 0 45070
45319 0 0 0 0 0 0 0 0 45319
45453 0 0 0 0 0 0 0 0 45453
44493 0 0 0 0 0 0 0 0 44493
45358 0 0 0 0 0 0 0 0 45358
45336 0 0 0 0 0 0 0 0 45336
45277 0 0 0 0 0 0 0 0 45277
45102 0 0 0 0 0 0 0 0 45102
44946 0 0 0 0 0 0 0 0 44946
44438 0 0 0 0 0 0 0 0 44438
45102 0 0 0 0 0 0 0 0 45102
45263 0 0 0 0 0 0 0 0 45263
45185 0 0 0 0 0 0 0 0 45185
45206 0 0 0 0 0 0 0 0 45206
43803 0 0 0 0 0 0 0 0 43803
44582 0 0 0 0 0 0 0 0 44582
44014 0 0 0 0 0 0 0 0 44014
42198 0 0 0 0 0 0 0 0 42198
42543 0 0 0 0 0 0 0 0 42543
42574 0 0 0 0 0 0 0 0 42574
42263 0 0 0 0 0 0 0 0 42263
42831 0 0 0 0 0 0 0 0 42831
42823 0 0 0 0 0 0 0 0 42823
42944 0 0 0 0 0 0 0 0 42944
43064 0 0 0 0 0 0 0 0 43064
42881 0 0 0 0 0 0 0 0 42881
42998 0 0 0 0 0 0 0 0 42998
43009 0 0 0 0 0 0 0 0 43009
42605 0 0 0 0 0 0 0 0 42605
43113 0 0 0 0 0 0 0 0 43113
43058 0 0 0 0 0 0 0 0 43058
43235 0 0 0 0 0 0 0 0 43235
43246 0 0 0 0 0 0 0 0 43246
43092 0 0 0 0 0 0 0 0 43092
43122 0 0 0 0 0 0 0 0 43122
43146 0 0 0 0 0 0 0 0 43146
42941 0 0 0 0 0 0 0 0 42941
43026 0 0 0 0 0 0 0 0 43026
42333 0 0 0 0 0 0 0 0 42333
43133 0 0 0 0 0 0 0 0 43133
42902 0 0 0 0 0 0 0 0 42902
43139 0 0 0 0 0 0 0 0 43139
43126 0 0 0 0 0 0 0 0 43126
