1674739996524959,1,7,281360,0,default,0,23,1,0,2,1,0,0,0,0,1,0,16,28,1712360
1674739996524960,2,7,281344,0,default,0,9,1,0,13,2,0,0,0,0,1,0,16,28,1712360
1674739996524958,3,7,281328,0,default,0,29,1,0,4,3,0,0,0,0,1,0,16,28,1712360
1674739996525260,4,7,281360,0,default,0,27,1,0,12,4,0,0,0,0,1,0,16,28,1712360
1674739996525320,5,7,281312,0,default,0,14,1,0,14,5,0,0,0,0,1,0,16,28,1712360
1674739996525354,6,7,281328,0,default,0,17,1,0,3,6,0,0,0,0,1,0,16,28,1712360
1674739996525360,7,7,281344,0,default,0,28,1,0,6,7,0,0,0,0,1,0,16,28,1712360
1674739996525413,8,7,281328,0,default,0,10,1,0,11,8,0,0,0,0,1,0,16,28,1712360
1674739996525437,9,7,281392,0,default,0,24,1,0,1,9,0,0,0,0,1,0,16,28,1712360
1674739996525452,10,9,4096,0,default,0,23,1,0,2,1,128,0,1,32,1,0,16,28,1712360
1674739996525450,11,9,4096,0,default,0,17,1,0,3,6,128,0,1,32,1,0,16,28,1712360
1674739996525451,12,9,4096,0,default,0,14,1,0,14,5,128,0,1,32,1,0,16,28,1712360
1674739996525451,13,9,4096,0,default,0,27,1,0,12,4,128,0,1,32,1,0,16,28,1712360
1674739996525518,14,9,4096,0,default,0,28,1,0,6,7,128,0,1,32,1,0,16,28,1712360
1674739996525532,8,7,281328,0,default,0,10,1,0,8,10,0,0,0,0,1,0,16,28,1712360
1674739996525447,5,7,281312,0,default,0,14,1,0,10,11,0,0,0,0,1,0,16,28,1712360
1674739996525458,15,7,281360,0,default,0,26,1,0,16,12,0,0,0,0,1,0,16,28,1712360
1674739996525474,16,7,281344,0,default,0,21,1,0,7,13,0,0,0,0,1,0,16,28,1712360
1674739996525520,17,9,4096,0,default,0,10,1,0,11,8,128,0,1,32,1,0,16,28,1712360
1674739996525451,18,9,4096,0,default,0,29,1,0,4,3,128,0,1,32,1,0,16,28,1712360
1674739996525532,9,7,281392,0,default,0,24,1,0,5,14,0,0,0,0,1,0,16,28,1712360
1674739996525653,19,9,4096,0,default,0,26,1,0,16,12,128,0,1,32,1,0,16,28,1712360
1674739996525452,20,9,4096,0,default,0,9,1,0,13,2,128,0,1,32,1,0,16,28,1712360
1674739996525685,2,7,281344,0,default,0,9,1,0,23,15,0,1,0,0,1,0,16,28,1712360
1674739996525631,16,7,281344,0,default,0,21,1,0,17,16,0,1,0,0,1,0,16,28,1712360
1674739996525631,15,7,281360,0,default,0,26,1,0,19,17,0,1,0,0,1,0,16,28,1712360
1674739996525644,21,9,4096,0,default,0,14,1,0,10,11,128,0,1,32,1,0,16,28,1712360
1674739996525533,22,9,4096,0,default,0,24,1,0,1,9,128,0,1,32,1,0,16,28,1712360
1674739996525772,23,9,4096,0,default,0,21,1,0,17,16,128,0,1,32,1,0,16,28,1712360
1674739996525607,24,9,4096,0,default,0,10,1,0,8,10,128,0,1,32,1,0,16,28,1712360
1674739996525727,25,9,4096,0,default,0,24,1,0,5,14,128,0,1,32,1,0,16,28,1712360
1674739996525753,26,9,4096,0,default,0,9,1,0,23,15,128,0,1,32,1,0,16,28,1712360
1674739996525758,27,7,281360,0,default,0,15,1,0,9,18,0,0,0,0,1,0,16,28,1712360
1674739996525873,15,7,281360,0,default,0,26,1,0,31,19,0,1,0,0,1,0,16,28,1712360
1674739996525914,27,7,281360,0,default,0,15,1,0,15,20,0,0,0,0,1,0,16,28,1712360
1674739996525947,28,9,4096,0,default,0,26,1,0,31,19,128,0,1,32,1,0,16,28,1712360
1674739996525972,29,9,4096,0,default,0,15,1,0,9,18,128,0,1,32,1,0,16,28,1712360
1674739996525997,30,9,4096,0,default,0,15,1,0,15,20,128,0,1,32,1,0,16,28,1712360
1674739996526062,31,7,281360,0,default,0,19,1,0,18,21,0,0,0,0,1,0,16,28,1712360
1674739996526100,32,7,279584,0,default,0,8,1,0,22,22,0,0,0,0,1,0,16,28,1712360
1674739996525818,33,9,4096,0,default,0,26,1,0,19,17,128,0,1,32,1,0,16,28,1712360
1674739996526134,34,9,4096,0,default,0,19,1,0,18,21,128,0,1,32,1,0,16,28,1712360
1674739996526127,35,7,281312,0,default,0,12,1,0,20,23,0,0,0,0,1,0,16,28,1712360
1674739996526173,36,9,4096,0,default,0,8,1,0,22,22,128,0,1,32,1,0,16,28,1712360
1674739996526178,37,7,281360,0,default,0,25,1,0,26,24,0,0,0,0,1,0,16,28,1712360
1674739996526213,3,7,281328,0,default,0,29,1,0,29,25,0,0,0,0,1,0,16,28,1712360
1674739996526223,38,9,4096,0,default,0,12,1,0,20,23,128,0,1,32,1,0,16,28,1712360
1674739996526256,39,9,4096,0,default,0,25,1,0,26,24,128,0,1,32,1,0,16,28,1712360
1674739996526266,40,9,4096,0,default,0,29,1,0,29,25,128,0,1,32,1,0,16,28,1712360
1674739996526328,1,7,281360,0,default,0,23,1,0,27,26,0,0,0,0,1,0,16,28,1712360
1674739996526340,5,7,281312,0,default,0,14,1,0,28,27,0,0,0,0,1,0,16,28,1712360
1674739996526332,41,7,281344,0,default,0,13,1,0,30,28,0,0,0,0,1,0,16,28,1712360
1674739996526363,4,7,281360,0,default,0,27,1,0,24,29,0,0,0,0,1,0,16,28,1712360
1674739996526394,42,9,4096,0,default,0,23,1,0,27,26,128,0,1,32,1,0,16,28,1712360
1674739996526395,43,9,4096,0,default,0,14,1,0,28,27,128,0,1,32,1,0,16,28,1712360
1674739996526420,44,9,4096,0,default,0,13,1,0,30,28,128,0,1,32,1,0,16,28,1712360
1674739996526417,41,7,281344,0,default,0,13,1,0,32,30,0,0,0,0,1,0,16,28,1712360
1674739996526420,45,9,4096,0,default,0,27,1,0,24,29,128,0,1,32,1,0,16,28,1712360
1674739996526455,16,7,281344,0,default,0,21,1,0,42,31,0,1,0,0,1,0,16,28,1712360
