AccessTime(ms),BlockID,BlockType,BlockSize,ColumnFamilyID,cfname,Level,SSTFileNum,Caller,

1675851601281970,1,7,279584,0,default,0,8,1,0,9,1,0,1,0,0,1,0,16,28,110
1675851601282775,2,7,281392,0,default,0,18,1,0,15,2,0,0,0,0,1,0,16,28,110
1675851601282776,3,7,281360,0,default,0,13,1,0,1,3,0,0,0,0,1,0,16,28,110
1675851601282803,4,9,4096,0,default,0,8,1,0,9,1,128,0,1,32,1,0,16,28,110
1675851601282804,5,7,281344,0,default,0,17,1,0,4,4,0,0,0,0,1,0,16,28,110
1675851601282837,3,7,281360,0,default,0,13,1,0,7,5,0,0,0,0,1,0,16,28,110
1675851601282875,2,7,281392,0,default,0,18,1,0,3,6,0,0,0,0,1,0,16,28,110
1675851601282885,6,9,4096,0,default,0,18,1,0,15,2,128,0,1,32,1,0,16,28,110
1675851601282885,7,9,4096,0,default,0,13,1,0,1,3,128,0,1,32,1,0,16,28,110
1675851601282921,8,9,4096,0,default,0,17,1,0,4,4,128,0,1,32,1,0,16,28,110
1675851601282928,9,9,4096,0,default,0,13,1,0,7,5,128,0,1,32,1,0,16,28,110
1675851601282942,10,7,281328,0,default,0,25,1,0,12,7,0,0,0,0,1,0,16,28,110
1675851601283002,10,7,281328,0,default,0,25,1,0,17,8,0,1,0,0,1,0,16,28,110
1675851601283034,5,7,281344,0,default,0,17,1,0,2,9,0,0,0,0,1,0,16,28,110
1675851601283047,11,7,281360,0,default,0,28,1,0,10,10,0,0,0,0,1,0,16,28,110
1675851601283034,12,7,281392,0,default,0,26,1,0,13,11,0,0,0,0,1,0,16,28,110
1675851601283084,13,9,4096,0,default,0,25,1,0,17,8,128,0,1,32,1,0,16,28,110
1675851601283069,14,7,281344,0,default,0,19,1,0,16,12,0,0,0,0,1,0,16,28,110
1675851601283116,2,7,281392,0,default,0,18,1,0,5,13,0,0,0,0,1,0,16,28,110
1675851601283056,15,9,4096,0,default,0,18,1,0,3,6,128,0,1,32,1,0,16,28,110
1675851601283118,16,9,4096,0,default,0,17,1,0,2,9,128,0,1,32,1,0,16,28,110
1675851601283160,17,9,4096,0,default,0,28,1,0,10,10,128,0,1,32,1,0,16,28,110
1675851601283150,14,7,281344,0,default,0,19,1,0,22,14,0,1,0,0,1,0,16,28,110
1675851601283151,10,7,281328,0,default,0,25,1,0,21,15,0,1,0,0,1,0,16,28,110
1675851601283223,18,9,4096,0,default,0,19,1,0,16,12,128,0,1,32,1,0,16,28,110
1675851601283123,3,7,281360,0,default,0,13,1,0,14,16,0,0,0,0,1,0,16,28,110
1675851601283246,19,9,4096,0,default,0,19,1,0,22,14,128,0,1,32,1,0,16,28,110
1675851601283223,20,7,281344,0,default,0,27,1,0,11,17,0,0,0,0,1,0,16,28,110
1675851601283153,21,9,4096,0,default,0,26,1,0,13,11,128,0,1,32,1,0,16,28,110
1675851601283226,22,9,4096,0,default,0,18,1,0,5,13,128,0,1,32,1,0,16,28,110
1675851601283289,23,7,281360,0,default,0,29,1,0,8,18,0,0,0,0,1,0,16,28,110
1675851601283292,24,9,4096,0,default,0,25,1,0,21,15,128,0,1,32,1,0,16,28,110
1675851601283322,25,7,281344,0,default,0,14,1,0,6,19,0,0,0,0,1,0,16,28,110
1675851601283071,26,9,4096,0,default,0,25,1,0,12,7,128,0,1,32,1,0,16,28,110
1675851601283425,14,7,281344,0,default,0,19,1,0,19,20,0,0,0,0,1,0,16,28,110
1675851601283442,27,9,4096,0,default,0,13,1,0,14,16,128,0,1,32,1,0,16,28,110
1675851601283464,28,9,4096,0,default,0,14,1,0,6,19,128,0,1,32,1,0,16,28,110
1675851601283464,29,9,4096,0,default,0,29,1,0,8,18,128,0,1,32,1,0,16,28,110
1675851601283489,30,9,4096,0,default,0,19,1,0,19,20,128,0,1,32,1,0,16,28,110
1675851601283365,31,9,4096,0,default,0,27,1,0,11,17,128,0,1,32,1,0,16,28,110
1675851601283620,32,7,281344,0,default,0,12,1,0,24,21,0,0,0,0,1,0,16,28,110
1675851601283640,12,7,281392,0,default,0,26,1,0,18,22,0,0,0,0,1,0,16,28,110
1675851601283644,33,7,281360,0,default,0,9,1,0,27,23,0,0,0,0,1,0,16,28,110
1675851601283655,34,7,281328,0,default,0,15,1,0,23,24,0,0,0,0,1,0,16,28,110
1675851601283706,35,9,4096,0,default,0,12,1,0,24,21,128,0,1,32,1,0,16,28,110
1675851601283732,36,9,4096,0,default,0,26,1,0,18,22,128,0,1,32,1,0,16,28,110
1675851601283732,37,9,4096,0,default,0,9,1,0,27,23,128,0,1,32,1,0,16,28,110
1675851601283750,38,9,4096,0,default,0,15,1,0,23,24,128,0,1,32,1,0,16,28,110
1675851601283753,1,7,279584,0,default,0,8,1,0,28,25,0,0,0,0,1,0,16,28,110
1675851601283764,39,7,281344,0,default,0,16,1,0,25,26,0,0,0,0,1,0,16,28,110
1675851601283795,14,7,281344,0,default,0,19,1,0,26,27,0,0,0,0,1,0,16,28,110
1675851601283845,40,7,281360,0,default,0,22,1,0,30,28,0,0,0,0,1,0,16,28,110
1675851601283860,3,7,281360,0,default,0,13,1,0,35,29,0,0,0,0,1,0,16,28,110
1675851601283875,41,9,4096,0,default,0,16,1,0,25,26,128,0,1,32,1,0,16,28,110
1675851601283918,14,7,281344,0,default,0,19,1,0,33,30,0,0,0,0,1,0,16,28,110
1675851601283929,42,9,4096,0,default,0,13,1,0,35,29,128,0,1,32,1,0,16,28,110
1675851601283942,20,7,281344,0,default,0,27,1,0,20,31,0,0,0,0,1,0,16,28,110
1675851601283949,43,9,4096,0,default,0,22,1,0,30,28,128,0,1,32,1,0,16,28,110
1675851601283930,44,9,4096,0,default,0,8,1,0,28,25,128,0,1,32,1,0,16,28,110
1675851601283942,45,9,4096,0,default,0,19,1,0,26,27,128,0,1,32,1,0,16,28,110
1675851601283928,46,7,281344,0,default,0,10,1,0,29,32,0,0,0,0,1,0,16,28,110
1675851601284011,47,9,4096,0,default,0,27,1,0,20,31,128,0,1,32,1,0,16,28,110
1675851601284025,48,9,4096,0,default,0,19,1,0,33,30,128,0,1,32,1,0,16,28,110
1675851601284100,49,9,4096,0,default,0,10,1,0,29,32,128,0,1,32,1,0,16,28,110
1675851601284126,2,7,281392,0,default,0,18,1,0,31,33,0,0,0,0,1,0,16,28,110
1675851601284190,50,9,4096,0,default,0,18,1,0,31,33,128,0,1,32,1,0,16,28,110
1675851601284221,25,7,281344,0,default,0,14,1,0,38,34,0,0,0,0,1,0,16,28,110
1675851601284231,51,7,281344,0,default,0,11,1,0,34,35,0,0,0,0,1,0,16,28,110
1675851601284312,52,9,4096,0,default,0,14,1,0,38,34,128,0,1,32,1,0,16,28,110
1675851601284322,12,7,281392,0,default,0,26,1,0,37,36,0,0,0,0,1,0,16,28,110
1675851601284329,53,9,4096,0,default,0,11,1,0,34,35,128,0,1,32,1,0,16,28,110
1675851601284343,25,7,281344,0,default,0,14,1,0,42,37,0,0,0,0,1,0,16,28,110
1675851601284375,39,7,281344,0,default,0,16,1,0,43,38,0,0,0,0,1,0,16,28,110
1675851601284387,34,7,281328,0,default,0,15,1,0,41,39,0,0,0,0,1,0,16,28,110
1675851601284402,54,7,281328,0,default,0,20,1,0,39,40,0,0,0,0,1,0,16,28,110
1675851601284416,12,7,281392,0,default,0,26,1,0,51,41,0,1,0,0,1,0,16,28,110
1675851601284391,5,7,281344,0,default,0,17,1,0,36,42,0,0,0,0,1,0,16,28,110
1675851601284417,55,9,4096,0,default,0,26,1,0,37,36,128,0,1,32,1,0,16,28,110
1675851601284454,56,9,4096,0,default,0,14,1,0,42,37,128,0,1,32,1,0,16,28,110
1675851601284463,57,9,4096,0,default,0,16,1,0,43,38,128,0,1,32,1,0,16,28,110
1675851601284502,58,9,4096,0,default,0,15,1,0,41,39,128,0,1,32,1,0,16,28,110
1675851601284510,59,9,4096,0,default,0,26,1,0,51,41,128,0,1,32,1,0,16,28,110
1675851601284541,34,7,281328,0,default,0,15,1,0,44,43,0,0,0,0,1,0,16,28,110
1675851601284546,60,9,4096,0,default,0,20,1,0,39,40,128,0,1,32,1,0,16,28,110
1675851601284615,61,9,4096,0,default,0,17,1,0,36,42,128,0,1,32,1,0,16,28,110
1675851601284633,62,7,281392,0,default,0,23,1,0,57,44,0,1,0,0,1,0,16,28,110
1675851601284635,62,7,281392,0,default,0,23,1,0,49,45,0,0,0,0,1,0,16,28,110
1675851601284677,63,9,4096,0,default,0,15,1,0,44,43,128,0,1,32,1,0,16,28,110
1675851601284682,62,7,281392,0,default,0,23,1,0,46,46,0,0,0,0,1,0,16,28,110
1675851601284719,64,9,4096,0,default,0,23,1,0,57,44,128,0,1,32,1,0,16,28,110
1675851601284730,65,9,4096,0,default,0,23,1,0,49,45,128,0,1,32,1,0,16,28,110
1675851601284757,66,9,4096,0,default,0,23,1,0,46,46,128,0,1,32,1,0,16,28,110
1675851601284757,39,7,281344,0,default,0,16,1,0,50,47,0,0,0,0,1,0,16,28,110
1675851601284799,40,7,281360,0,default,0,22,1,0,45,48,0,0,0,0,1,0,16,28,110
1675851601284854,67,9,4096,0,default,0,16,1,0,50,47,128,0,1,32,1,0,16,28,110
1675851601284866,68,7,281344,0,default,0,24,1,0,40,49,0,0,0,0,1,0,16,28,110
1675851601284877,69,9,4096,0,default,0,22,1,0,45,48,128,0,1,32,1,0,16,28,110
1675851601284903,33,7,281360,0,default,0,9,1,0,54,50,0,0,0,0,1,0,16,28,110
1675851601284913,70,7,281360,0,default,0,21,1,0,48,51,0,0,0,0,1,0,16,28,110
1675851601284907,3,7,281360,0,default,0,13,1,0,53,52,0,0,0,0,1,0,16,28,110
1675851601284934,71,9,4096,0,default,0,24,1,0,40,49,128,0,1,32,1,0,16,28,110
1675851601284935,5,7,281344,0,default,0,17,1,0,47,53,0,0,0,0,1,0,16,28,110
1675851601284970,72,9,4096,0,default,0,9,1,0,54,50,128,0,1,32,1,0,16,28,110
1675851601284979,10,7,281328,0,default,0,25,1,0,56,54,0,0,0,0,1,0,16,28,110
1675851601284980,2,7,281392,0,default,0,18,1,0,52,55,0,0,0,0,1,0,16,28,110
1675851601284992,73,9,4096,0,default,0,13,1,0,53,52,128,0,1,32,1,0,16,28,110
1675851601285009,74,9,4096,0,default,0,21,1,0,48,51,128,0,1,32,1,0,16,28,110
1675851601285008,20,7,281344,0,default,0,27,1,0,55,56,0,0,0,0,1,0,16,28,110
1675851601285010,68,7,281344,0,default,0,24,1,0,58,57,0,0,0,0,1,0,16,28,110
1675851601285059,54,7,281328,0,default,0,20,1,0,59,58,0,0,0,0,1,0,16,28,110
1675851601285066,75,9,4096,0,default,0,25,1,0,56,54,128,0,1,32,1,0,16,28,110
1675851601285071,76,9,4096,0,default,0,18,1,0,52,55,128,0,1,32,1,0,16,28,110
1675851601285055,10,7,281328,0,default,0,25,1,0,67,59,0,1,0,0,1,0,16,28,110
1675851601285020,77,9,4096,0,default,0,17,1,0,47,53,128,0,1,32,1,0,16,28,110
1675851601285096,34,7,281328,0,default,0,15,1,0,61,60,0,0,0,0,1,0,16,28,110
1675851601285090,68,7,281344,0,default,0,24,1,0,68,61,0,1,0,0,1,0,16,28,110
1675851601285110,10,7,281328,0,default,0,25,1,0,69,62,0,1,0,0,1,0,16,28,110
1675851601285122,34,7,281328,0,default,0,15,1,0,70,63,0,1,0,0,1,0,16,28,110
1675851601285130,78,9,4096,0,default,0,24,1,0,58,57,128,0,1,32,1,0,16,28,110
1675851601285131,79,9,4096,0,default,0,27,1,0,55,56,128,0,1,32,1,0,16,28,110
1675851601285153,80,9,4096,0,default,0,20,1,0,59,58,128,0,1,32,1,0,16,28,110
1675851601285188,20,7,281344,0,default,0,27,1,0,62,64,0,0,0,0,1,0,16,28,110
1675851601285168,81,9,4096,0,default,0,15,1,0,61,60,128,0,1,32,1,0,16,28,110
1675851601285211,82,9,4096,0,default,0,24,1,0,68,61,128,0,1,32,1,0,16,28,110
1675851601285155,83,9,4096,0,default,0,25,1,0,67,59,128,0,1,32,1,0,16,28,110
1675851601285229,84,9,4096,0,default,0,15,1,0,70,63,128,0,1,32,1,0,16,28,110
1675851601285232,10,7,281328,0,default,0,25,1,0,74,65,0,1,0,0,1,0,16,28,110
1675851601285242,68,7,281344,0,default,0,24,1,0,60,66,0,0,0,0,1,0,16,28,110
1675851601285258,85,9,4096,0,default,0,27,1,0,62,64,128,0,1,32,1,0,16,28,110
1675851601285304,46,7,281344,0,default,0,10,1,0,63,67,0,0,0,0,1,0,16,28,110
1675851601285337,40,7,281360,0,default,0,22,1,0,65,68,0,0,0,0,1,0,16,28,110
1675851601285349,23,7,281360,0,default,0,29,1,0,66,69,0,0,0,0,1,0,16,28,110
1675851601285348,1,7,279584,0,default,0,8,1,0,64,70,0,0,0,0,1,0,16,28,110
1675851601285377,86,9,4096,0,default,0,25,1,0,74,65,128,0,1,32,1,0,16,28,110
1675851601285365,87,9,4096,0,default,0,24,1,0,60,66,128,0,1,32,1,0,16,28,110
1675851601285412,88,9,4096,0,default,0,10,1,0,63,67,128,0,1,32,1,0,16,28,110
1675851601285421,89,9,4096,0,default,0,29,1,0,66,69,128,0,1,32,1,0,16,28,110
1675851601285435,90,9,4096,0,default,0,22,1,0,65,68,128,0,1,32,1,0,16,28,110
1675851601285467,91,9,4096,0,default,0,8,1,0,64,70,128,0,1,32,1,0,16,28,110
1675851601285489,51,7,281344,0,default,0,11,1,0,71,71,0,0,0,0,1,0,16,28,110
1675851601285513,40,7,281360,0,default,0,22,1,0,32,72,0,0,0,0,1,0,16,28,110
1675851601285556,1,7,279584,0,default,0,8,1,0,73,73,0,0,0,0,1,0,16,28,110
1675851601285558,25,7,281344,0,default,0,14,1,0,72,74,0,0,0,0,1,0,16,28,110
1675851601285567,92,9,4096,0,default,0,11,1,0,71,71,128,0,1,32,1,0,16,28,110
1675851601285617,93,9,4096,0,default,0,22,1,0,32,72,128,0,1,32,1,0,16,28,110
1675851601285630,94,9,4096,0,default,0,8,1,0,73,73,128,0,1,32,1,0,16,28,110
1675851601285634,14,7,281344,0,default,0,19,1,0,75,75,0,0,0,0,1,0,16,28,110
1675851601285645,34,7,281328,0,default,0,15,1,0,77,76,0,0,0,0,1,0,16,28,110
1675851601285647,95,9,4096,0,default,0,14,1,0,72,74,128,0,1,32,1,0,16,28,110
1675851601285695,1,7,279584,0,default,0,8,1,0,78,77,0,0,0,0,1,0,16,28,110
1675851601285714,33,7,281360,0,default,0,9,1,0,76,78,0,0,0,0,1,0,16,28,110
1675851601285717,96,9,4096,0,default,0,19,1,0,75,75,128,0,1,32,1,0,16,28,110
1675851601285740,11,7,281360,0,default,0,28,1,0,79,79,0,0,0,0,1,0,16,28,110
1675851601285749,97,9,4096,0,default,0,15,1,0,77,76,128,0,1,32,1,0,16,28,110
1675851601285767,23,7,281360,0,default,0,29,1,0,81,80,0,0,0,0,1,0,16,28,110
1675851601285767,98,9,4096,0,default,0,8,1,0,78,77,128,0,1,32,1,0,16,28,110
1675851601285783,3,7,281360,0,default,0,13,1,0,80,81,0,0,0,0,1,0,16,28,110
1675851601285805,99,9,4096,0,default,0,28,1,0,79,79,128,0,1,32,1,0,16,28,110
1675851601285809,100,9,4096,0,default,0,9,1,0,76,78,128,0,1,32,1,0,16,28,110
1675851601285814,54,7,281328,0,default,0,20,1,0,84,82,0,0,0,0,1,0,16,28,110
1675851601285844,101,9,4096,0,default,0,29,1,0,81,80,128,0,1,32,1,0,16,28,110
1675851601285852,102,9,4096,0,default,0,13,1,0,80,81,128,0,1,32,1,0,16,28,110
1675851601285861,10,7,281328,0,default,0,25,1,0,94,83,0,1,0,0,1,0,16,28,110
1675851601285863,54,7,281328,0,default,0,20,1,0,82,84,0,0,0,0,1,0,16,28,110
1675851601285882,54,7,281328,0,default,0,20,1,0,85,85,0,0,0,0,1,0,16,28,110
1675851601285892,103,9,4096,0,default,0,20,1,0,84,82,128,0,1,32,1,0,16,28,110
1675851601285908,10,7,281328,0,default,0,25,1,0,96,86,0,1,0,0,1,0,16,28,110
1675851601285934,104,9,4096,0,default,0,25,1,0,94,83,128,0,1,32,1,0,16,28,110
1675851601285951,105,9,4096,0,default,0,20,1,0,82,84,128,0,1,32,1,0,16,28,110
1675851601285960,32,7,281344,0,default,0,12,1,0,86,87,0,0,0,0,1,0,16,28,110
1675851601285965,106,9,4096,0,default,0,20,1,0,85,85,128,0,1,32,1,0,16,28,110
1675851601285978,62,7,281392,0,default,0,23,1,0,83,88,0,0,0,0,1,0,16,28,110
1675851601285977,62,7,281392,0,default,0,23,1,0,98,89,0,1,0,0,1,0,16,28,110
1675851601285987,107,9,4096,0,default,0,25,1,0,96,86,128,0,1,32,1,0,16,28,110
1675851601286029,62,7,281392,0,default,0,23,1,0,100,90,0,1,0,0,1,0,16,28,110
1675851601286043,108,9,4096,0,default,0,23,1,0,83,88,128,0,1,32,1,0,16,28,110
1675851601286047,109,9,4096,0,default,0,12,1,0,86,87,128,0,1,32,1,0,16,28,110
1675851601286055,5,7,281344,0,default,0,17,1,0,87,91,0,0,0,0,1,0,16,28,110
1675851601286050,68,7,281344,0,default,0,24,1,0,89,92,0,0,0,0,1,0,16,28,110
1675851601286069,110,9,4096,0,default,0,23,1,0,98,89,128,0,1,32,1,0,16,28,110
1675851601286100,62,7,281392,0,default,0,23,1,0,103,93,0,1,0,0,1,0,16,28,110
1675851601286097,111,9,4096,0,default,0,23,1,0,100,90,128,0,1,32,1,0,16,28,110
1675851601286127,70,7,281360,0,default,0,21,1,0,90,94,0,0,0,0,1,0,16,28,110
1675851601286154,112,9,4096,0,default,0,23,1,0,103,93,128,0,1,32,1,0,16,28,110
1675851601286158,113,9,4096,0,default,0,17,1,0,87,91,128,0,1,32,1,0,16,28,110
1675851601286166,114,9,4096,0,default,0,24,1,0,89,92,128,0,1,32,1,0,16,28,110
1675851601286154,39,7,281344,0,default,0,16,1,0,91,95,0,0,0,0,1,0,16,28,110
1675851601286190,115,9,4096,0,default,0,21,1,0,90,94,128,0,1,32,1,0,16,28,110
1675851601286196,12,7,281392,0,default,0,26,1,0,93,96,0,0,0,0,1,0,16,28,110
1675851601286191,12,7,281392,0,default,0,26,1,0,88,97,0,0,0,0,1,0,16,28,110
1675851601286220,14,7,281344,0,default,0,19,1,0,92,98,0,0,0,0,1,0,16,28,110
1675851601286225,14,7,281344,0,default,0,19,1,0,95,99,0,0,0,0,1,0,16,28,110
1675851601286247,10,7,281328,0,default,0,25,1,0,108,100,0,1,0,0,1,0,16,28,110
1675851601286268,116,9,4096,0,default,0,26,1,0,93,96,128,0,1,32,1,0,16,28,110
1675851601286273,23,7,281360,0,default,0,29,1,0,97,101,0,0,0,0,1,0,16,28,110
1675851601286269,117,9,4096,0,default,0,16,1,0,91,95,128,0,1,32,1,0,16,28,110
1675851601286276,118,9,4096,0,default,0,25,1,0,69,62,128,0,1,32,1,0,16,28,110
1675851601286297,119,9,4096,0,default,0,26,1,0,88,97,128,0,1,32,1,0,16,28,110
1675851601286309,120,9,4096,0,default,0,19,1,0,92,98,128,0,1,32,1,0,16,28,110
1675851601286312,121,9,4096,0,default,0,19,1,0,95,99,128,0,1,32,1,0,16,28,110
1675851601286313,3,7,281360,0,default,0,13,1,0,99,102,0,0,0,0,1,0,16,28,110
1675851601286323,122,9,4096,0,default,0,25,1,0,108,100,128,0,1,32,1,0,16,28,110
1675851601286342,123,9,4096,0,default,0,29,1,0,97,101,128,0,1,32,1,0,16,28,110
1675851601286356,34,7,281328,0,default,0,15,1,0,101,103,0,0,0,0,1,0,16,28,110
1675851601286383,124,7,50480,0,default,0,30,1,0,110,104,0,0,0,0,1,0,16,28,110
1675851601286759,125,9,4096,0,default,0,13,1,0,99,102,128,0,1,32,1,0,16,28,110
1675851601286484,2,7,281392,0,default,0,18,1,0,106,105,0,0,0,0,1,0,16,28,110
1675851601286496,51,7,281344,0,default,0,11,1,0,104,106,0,0,0,0,1,0,16,28,110
1675851601286503,23,7,281360,0,default,0,29,1,0,105,107,0,0,0,0,1,0,16,28,110
1675851601286842,126,9,4096,0,default,0,30,1,0,110,104,128,0,1,32,1,0,16,28,110
1675851601286605,40,7,281360,0,default,0,22,1,0,107,108,0,0,0,0,1,0,16,28,110
1675851601286656,46,7,281344,0,default,0,10,1,0,111,109,0,0,0,0,1,0,16,28,110
1675851601286693,51,7,281344,0,default,0,11,1,0,112,110,0,1,0,0,1,0,16,28,110
1675851601286392,20,7,281344,0,default,0,27,1,0,102,111,0,0,0,0,1,0,16,28,110
1675851601286900,23,7,281360,0,default,0,29,1,0,119,112,0,1,0,0,1,0,16,28,110
1675851601286531,23,7,281360,0,default,0,29,1,0,109,113,0,0,0,0,1,0,16,28,110
1675851601286854,127,9,4096,0,default,0,18,1,0,106,105,128,0,1,32,1,0,16,28,110
1675851601286930,128,9,4096,0,default,0,11,1,0,104,106,128,0,1,32,1,0,16,28,110
1675851601286915,129,9,4096,0,default,0,29,1,0,105,107,128,0,1,32,1,0,16,28,110
1675851601286817,130,9,4096,0,default,0,15,1,0,101,103,128,0,1,32,1,0,16,28,110
1675851601286967,131,9,4096,0,default,0,22,1,0,107,108,128,0,1,32,1,0,16,28,110
1675851601286934,132,9,4096,0,default,0,10,1,0,111,109,128,0,1,32,1,0,16,28,110
1675851601286993,133,9,4096,0,default,0,11,1,0,112,110,128,0,1,32,1,0,16,28,110
1675851601287011,134,9,4096,0,default,0,29,1,0,119,112,128,0,1,32,1,0,16,28,110
1675851601287035,135,9,4096,0,default,0,29,1,0,109,113,128,0,1,32,1,0,16,28,110
1675851601287077,32,7,281344,0,default,0,12,1,0,113,114,0,0,0,0,1,0,16,28,110
1675851601287132,14,7,281344,0,default,0,19,1,0,115,115,0,0,0,0,1,0,16,28,110
1675851601287139,136,9,4096,0,default,0,12,1,0,113,114,128,0,1,32,1,0,16,28,110
1675851601286985,137,9,4096,0,default,0,27,1,0,102,111,128,0,1,32,1,0,16,28,110
1675851601287132,70,7,281360,0,default,0,21,1,0,114,116,0,0,0,0,1,0,16,28,110
1675851601287148,54,7,281328,0,default,0,20,1,0,117,117,0,0,0,0,1,0,16,28,110
1675851601287162,1,7,279584,0,default,0,8,1,0,118,118,0,0,0,0,1,0,16,28,110
1675851601287199,34,7,281328,0,default,0,15,1,0,130,119,0,1,0,0,1,0,16,28,110
1675851601287203,138,9,4096,0,default,0,19,1,0,115,115,128,0,1,32,1,0,16,28,110
1675851601287226,139,9,4096,0,default,0,21,1,0,114,116,128,0,1,32,1,0,16,28,110
1675851601287258,140,9,4096,0,default,0,20,1,0,117,117,128,0,1,32,1,0,16,28,110
1675851601287260,141,9,4096,0,default,0,8,1,0,118,118,128,0,1,32,1,0,16,28,110
1675851601287269,142,9,4096,0,default,0,15,1,0,130,119,128,0,1,32,1,0,16,28,110
1675851601287290,25,7,281344,0,default,0,14,1,0,116,120,0,0,0,0,1,0,16,28,110
1675851601287316,2,7,281392,0,default,0,18,1,0,122,121,0,0,0,0,1,0,16,28,110
1675851601287360,2,7,281392,0,default,0,18,1,0,125,122,0,0,0,0,1,0,16,28,110
1675851601287374,143,9,4096,0,default,0,14,1,0,116,120,128,0,1,32,1,0,16,28,110
1675851601287364,3,7,281360,0,default,0,13,1,0,123,123,0,0,0,0,1,0,16,28,110
1675851601287399,144,9,4096,0,default,0,18,1,0,122,121,128,0,1,32,1,0,16,28,110
1675851601287403,32,7,281344,0,default,0,12,1,0,127,124,0,0,0,0,1,0,16,28,110
1675851601287418,2,7,281392,0,default,0,18,1,0,121,125,0,0,0,0,1,0,16,28,110
1675851601287435,145,9,4096,0,default,0,18,1,0,125,122,128,0,1,32,1,0,16,28,110
1675851601286970,34,7,281328,0,default,0,15,1,0,120,126,0,1,0,0,1,0,16,28,110
1675851601287450,146,9,4096,0,default,0,13,1,0,123,123,128,0,1,32,1,0,16,28,110
1675851601287463,147,9,4096,0,default,0,12,1,0,127,124,128,0,1,32,1,0,16,28,110
1675851601287480,68,7,281344,0,default,0,24,1,0,124,127,0,0,0,0,1,0,16,28,110
1675851601287480,54,7,281328,0,default,0,20,1,0,126,128,0,0,0,0,1,0,16,28,110
1675851601287511,148,9,4096,0,default,0,18,1,0,121,125,128,0,1,32,1,0,16,28,110
1675851601287522,149,9,4096,0,default,0,15,1,0,120,126,128,0,1,32,1,0,16,28,110
1675851601287524,20,7,281344,0,default,0,27,1,0,129,129,0,0,0,0,1,0,16,28,110
1675851601287558,150,9,4096,0,default,0,20,1,0,126,128,128,0,1,32,1,0,16,28,110
1675851601287560,151,9,4096,0,default,0,24,1,0,124,127,128,0,1,32,1,0,16,28,110
1675851601287599,20,7,281344,0,default,0,27,1,0,132,130,0,0,0,0,1,0,16,28,110
1675851601287603,152,9,4096,0,default,0,27,1,0,129,129,128,0,1,32,1,0,16,28,110
1675851601287629,20,7,281344,0,default,0,27,1,0,133,131,0,0,0,0,1,0,16,28,110
1675851601287636,40,7,281360,0,default,0,22,1,0,134,132,0,0,0,0,1,0,16,28,110
1675851601287674,153,9,4096,0,default,0,27,1,0,132,130,128,0,1,32,1,0,16,28,110
1675851601287683,68,7,281344,0,default,0,24,1,0,135,133,0,0,0,0,1,0,16,28,110
1675851601287714,154,9,4096,0,default,0,27,1,0,133,131,128,0,1,32,1,0,16,28,110
1675851601287731,155,9,4096,0,default,0,22,1,0,134,132,128,0,1,32,1,0,16,28,110
1675851601287753,156,9,4096,0,default,0,24,1,0,135,133,128,0,1,32,1,0,16,28,110
1675851601287764,5,7,281344,0,default,0,17,1,0,137,134,0,0,0,0,1,0,16,28,110
1675851601287816,157,9,4096,0,default,0,17,1,0,137,134,128,0,1,32,1,0,16,28,110
1675851601287848,3,7,281360,0,default,0,13,1,0,140,135,0,0,0,0,1,0,16,28,110
1675851601287855,46,7,281344,0,default,0,10,1,0,138,136,0,0,0,0,1,0,16,28,110
1675851601287855,54,7,281328,0,default,0,20,1,0,136,137,0,0,0,0,1,0,16,28,110
1675851601287853,46,7,281344,0,default,0,10,1,0,150,138,0,1,0,0,1,0,16,28,110
1675851601287878,70,7,281360,0,default,0,21,1,0,139,139,0,0,0,0,1,0,16,28,110
1675851601287909,34,7,281328,0,default,0,15,1,0,142,140,0,0,0,0,1,0,16,28,110
1675851601287911,158,9,4096,0,default,0,13,1,0,140,135,128,0,1,32,1,0,16,28,110
1675851601287923,159,9,4096,0,default,0,10,1,0,138,136,128,0,1,32,1,0,16,28,110
1675851601287962,160,9,4096,0,default,0,20,1,0,136,137,128,0,1,32,1,0,16,28,110
1675851601287971,161,9,4096,0,default,0,15,1,0,142,140,128,0,1,32,1,0,16,28,110
1675851601287977,10,7,281328,0,default,0,25,1,0,141,141,0,0,0,0,1,0,16,28,110
1675851601287987,46,7,281344,0,default,0,10,1,0,143,142,0,0,0,0,1,0,16,28,110
