32160 0.016914795923
61701 0.032452108932
95282 0.050114290583
129012 0.067854839914
161627 0.085008946539
194828 0.102471264307
228871 0.120376438363
260865 0.137203925327
294829 0.155067548733
328777 0.172922756817
363078 0.190963627929
398750 0.209725586890
432421 0.227435104723
466102 0.245149882133
497241 0.261527675362
529564 0.278528202372
562655 0.295932664806
598510 0.314790874005
631512 0.332148526214
665980 0.350277232243
697475 0.366842266372
729648 0.383763899744
762532 0.401059488959
792849 0.417004945053
820992 0.431806969359
855649 0.450035081371
889810 0.468002318421
922177 0.485025987564
954111 0.501821917073
985982 0.518584711255
1016000 0.534372906031
1046647 0.550491928129
1073990 0.564873186367
1107744 0.582626358680
1140251 0.599723661885
1173172 0.617038711530
1204847 0.633698418025
1236288 0.650235050445
1266228 0.665982220530
1296158 0.681724131039
1326664 0.697768993117
1355771 0.713078040534
1383155 0.727480863033
1416137 0.744827996091
1446724 0.760915460734
1478099 0.777417379953
1506893 0.792561802646
1536061 0.807902933476
1562217 0.821659880061
1595003 0.838903925432
1625969 0.855190727999
1656256 0.871120405366
1687676 0.887645992677
1718094 0.903644570487
1748597 0.919687854693
1778900 0.935625947381
1809162 0.951542475809
1838424 0.966933046651
1866921 0.981921259942
1896270 0.997357589095
