32214 0 0 0 0 0 0 0 0 32214
29674 0 0 0 0 0 0 0 0 29674
33834 0 0 0 0 0 0 0 0 33834
34115 0 0 0 0 0 0 0 0 34115
33111 0 0 0 0 0 0 0 0 33111
33838 0 0 0 0 0 0 0 0 33838
34797 0 0 0 0 0 0 0 0 34797
32790 0 0 0 0 0 0 0 0 32790
34912 0 0 0 0 0 0 0 0 34912
35087 0 0 0 0 0 0 0 0 35087
35536 0 0 0 0 0 0 0 0 35536
37083 0 0 0 0 0 0 0 0 37083
35122 0 0 0 0 0 0 0 0 35122
35289 0 0 0 0 0 0 0 0 35289
32720 0 0 0 0 0 0 0 0 32720
34100 0 0 0 0 0 0 0 0 34100
35025 0 0 0 0 0 0 0 0 35025
38069 0 0 0 0 0 0 0 0 38069
35180 0 0 0 0 0 0 0 0 35180
36860 0 0 0 0 0 0 0 0 36860
33800 0 0 0 0 0 0 0 0 33800
34677 0 0 0 0 0 0 0 0 34677
35514 0 0 0 0 0 0 0 0 35514
32850 0 0 0 0 0 0 0 0 32850
30638 0 0 0 0 0 0 0 0 30638
37820 0 0 0 0 0 0 0 0 37820
37412 0 0 0 0 0 0 0 0 37412
35602 0 0 0 0 0 0 0 0 35602
35312 0 0 0 0 0 0 0 0 35312
35253 0 0 0 0 0 0 0 0 35253
33371 0 0 0 0 0 0 0 0 33371
34302 0 0 0 0 0 0 0 0 34302
30665 0 0 0 0 0 0 0 0 30665
37888 0 0 0 0 0 0 0 0 37888
36614 0 0 0 0 0 0 0 0 36614
37394 0 0 0 0 0 0 0 0 37394
35975 0 0 0 0 0 0 0 0 35975
35830 0 0 0 0 0 0 0 0 35830
34235 0 0 0 0 0 0 0 0 34235
34319 0 0 0 0 0 0 0 0 34319
35122 0 0 0 0 0 0 0 0 35122
33713 0 0 0 0 0 0 0 0 33713
31719 0 0 0 0 0 0 0 0 31719
38516 0 0 0 0 0 0 0 0 38516
35715 0 0 0 0 0 0 0 0 35715
36710 0 0 0 0 0 0 0 0 36710
33824 0 0 0 0 0 0 0 0 33824
34349 0 0 0 0 0 0 0 0 34349
30931 0 0 0 0 0 0 0 0 30931
39007 0 0 0 0 0 0 0 0 39007
36897 0 0 0 0 0 0 0 0 36897
36343 0 0 0 0 0 0 0 0 36343
37746 0 0 0 0 0 0 0 0 37746
36640 0 0 0 0 0 0 0 0 36640
36976 0 0 0 0 0 0 0 0 36976
36779 0 0 0 0 0 0 0 0 36779
36800 0 0 0 0 0 0 0 0 36800
35967 0 0 0 0 0 0 0 0 35967
35029 0 0 0 0 0 0 0 0 35029
36181 0 0 0 0 0 0 0 0 36181
